9.380000000000000782e+00 6.618350865567312447e+00
9.380358342665173765e+00 6.780417833801243077e+00
9.380716685330348525e+00 6.368406418440851091e+00
9.381075027995521509e+00 7.015931248546992904e+00
9.381433370660694493e+00 6.480451338145992501e+00
9.381791713325869253e+00 6.215353507658702092e+00
9.382150055991042237e+00 6.404347978723761159e+00
9.382508398656215221e+00 6.471598161073252697e+00
9.382866741321389981e+00 6.483682199716515271e+00
9.383225083986562964e+00 6.578567973647235334e+00
9.383583426651735948e+00 6.257799797683467169e+00
9.383941769316910708e+00 6.359975162714601282e+00
9.384300111982083692e+00 6.646416832528223573e+00
9.384658454647256676e+00 6.894887062541915412e+00
9.385016797312431436e+00 6.393707705589837254e+00
9.385375139977604420e+00 6.730343770815816917e+00
9.385733482642777403e+00 6.614906125601527798e+00
9.386091825307952163e+00 6.802957039651864157e+00
9.386450167973125147e+00 6.611839311975439948e+00
9.386808510638298131e+00 6.686351361123820780e+00
9.387166853303472891e+00 6.536221645941454383e+00
9.387525195968645875e+00 6.587891829236587782e+00
9.387883538633818858e+00 6.409142185061617703e+00
9.388241881298993619e+00 6.268012032498465835e+00
9.388600223964166602e+00 6.489596071127906818e+00
9.388958566629339586e+00 6.226651315002581732e+00
9.389316909294514346e+00 6.240952991689303175e+00
9.389675251959687330e+00 6.207944472593662333e+00
9.390033594624860314e+00 6.564932592631006258e+00
9.390391937290035074e+00 6.529459692773211366e+00
9.390750279955208057e+00 6.310527017643051906e+00
9.391108622620381041e+00 6.308598406001823200e+00
9.391466965285555801e+00 6.478330309736410442e+00
9.391825307950728785e+00 6.532598305218249024e+00
9.392183650615901769e+00 6.703272724385421988e+00
9.392541993281076529e+00 6.397591647944582682e+00
9.392900335946249513e+00 6.493245215006321125e+00
9.393258678611422496e+00 6.644016814487702760e+00
9.393617021276597256e+00 7.087753963496161269e+00
9.393975363941770240e+00 6.997827211945198300e+00
9.394333706606943224e+00 6.387277387616496327e+00
9.394692049272117984e+00 6.803352143715713396e+00
9.395050391937290968e+00 6.529859589854474677e+00
9.395408734602463952e+00 6.594574366213051597e+00
9.395767077267638712e+00 6.712303410088358291e+00
9.396125419932811695e+00 6.675686178463173803e+00
9.396483762597984679e+00 6.652239614419357849e+00
9.396842105263159439e+00 6.505128886723125170e+00
9.397200447928332423e+00 6.471402148109488550e+00
9.397558790593505407e+00 6.521600751887904224e+00
9.397917133258680167e+00 6.706456468759490974e+00
9.398275475923853151e+00 6.699354487267036085e+00
9.398633818589026134e+00 6.546012415659186345e+00
9.398992161254200894e+00 6.681723520657592452e+00
9.399350503919373878e+00 6.290731945635674727e+00
9.399708846584546862e+00 6.595528478101799763e+00
9.400067189249721622e+00 6.529325493155635485e+00
9.400425531914894606e+00 6.400935192815462749e+00
9.400783874580067589e+00 6.347764287387176019e+00
9.401142217245240573e+00 7.034273500628386522e+00
9.401500559910415333e+00 6.340122457677516365e+00
9.401858902575588317e+00 5.661189373881613918e+00
9.402217245240761301e+00 6.308910368471714492e+00
9.402575587905936061e+00 6.748661094829293106e+00
9.402933930571109045e+00 6.495763719707905004e+00
9.403292273236282028e+00 6.492960026405610208e+00
9.403650615901456788e+00 6.362222915501670073e+00
9.404008958566629772e+00 6.387809833939879667e+00
9.404367301231802756e+00 6.174700519413568678e+00
9.404725643896977516e+00 6.911553875829619997e+00
9.405083986562150500e+00 6.090460902909306640e+00
9.405442329227323484e+00 6.516812337412765999e+00
9.405800671892498244e+00 6.716197142864484881e+00
9.406159014557671227e+00 6.620321263086886177e+00
9.406517357222844211e+00 6.744231052229032741e+00
9.406875699888018971e+00 6.935459223130687079e+00
9.407234042553191955e+00 6.296491547734039962e+00
9.407592385218364939e+00 6.273153126415444092e+00
9.407950727883539699e+00 6.436912709785477027e+00
9.408309070548712683e+00 6.251529318114259048e+00
9.408667413213885666e+00 6.198909193360622183e+00
9.409025755879060426e+00 6.505243000064544034e+00
9.409384098544233410e+00 6.722772332624370684e+00
9.409742441209406394e+00 5.979969714404336223e+00
9.410100783874581154e+00 6.664624307589695817e+00
9.410459126539754138e+00 6.542178947513770382e+00
9.410817469204927121e+00 6.390491711116064621e+00
9.411175811870101882e+00 6.539443190109396120e+00
9.411534154535274865e+00 6.990469296524839393e+00
9.411892497200447849e+00 6.926435507989460838e+00
9.412250839865622609e+00 6.432731502104358512e+00
9.412609182530795593e+00 6.509462505359875806e+00
9.412967525195968577e+00 7.131122941678326832e+00
9.413325867861143337e+00 6.549067714249686922e+00
9.413684210526316321e+00 6.219769232713188600e+00
9.414042553191489304e+00 6.529306322957282305e+00
9.414400895856664064e+00 6.418656942074742133e+00
9.414759238521837048e+00 6.516810808178129300e+00
9.415117581187010032e+00 6.419114129505443245e+00
9.415475923852184792e+00 6.585826696264022395e+00
9.415834266517357776e+00 6.071230810670628308e+00
9.416192609182530759e+00 6.597984744488883280e+00
9.416550951847705520e+00 6.131773119784670101e+00
9.416909294512878503e+00 6.609511253725761648e+00
9.417267637178051487e+00 6.034345547952117528e+00
9.417625979843226247e+00 6.289505672389632984e+00
9.417984322508399231e+00 6.456605387591695333e+00
9.418342665173572215e+00 6.972706804435695460e+00
9.418701007838746975e+00 5.952330343002467217e+00
9.419059350503919958e+00 6.861778790085849344e+00
9.419417693169092942e+00 5.820706303950013982e+00
9.419776035834267702e+00 6.572558468128682385e+00
9.420134378499440686e+00 6.329141706468338846e+00
9.420492721164613670e+00 6.412331834854474444e+00
9.420851063829788430e+00 5.954304097152592234e+00
9.421209406494961414e+00 6.035721471587870646e+00
9.421567749160134397e+00 6.422969234661753291e+00
9.421926091825309157e+00 6.797073651404775596e+00
9.422284434490482141e+00 6.777168111565893049e+00
9.422642777155655125e+00 6.563456092757170346e+00
9.423001119820829885e+00 6.786997481829138756e+00
9.423359462486002869e+00 6.921774554166121085e+00
9.423717805151175853e+00 6.320424983627482618e+00
9.424076147816350613e+00 6.577113191532950154e+00
9.424434490481523596e+00 6.641376691011256383e+00
9.424792833146696580e+00 6.716621315336253950e+00
9.425151175811871340e+00 6.769736309339190683e+00
9.425509518477044324e+00 6.369687061414442297e+00
9.425867861142217308e+00 6.466785659834031641e+00
9.426226203807392068e+00 6.092902620209979858e+00
9.426584546472565052e+00 6.391345214492447191e+00
9.426942889137738035e+00 6.784652518229739471e+00
9.427301231802912795e+00 5.977518228370214182e+00
9.427659574468085779e+00 6.239764402016405143e+00
9.428017917133258763e+00 6.289219853987031428e+00
9.428376259798433523e+00 6.567295326092603247e+00
9.428734602463606507e+00 6.538719179284498750e+00
9.429092945128779490e+00 6.031546686536144897e+00
9.429451287793954251e+00 6.255297708397861811e+00
9.429809630459127234e+00 6.387795984626804646e+00
9.430167973124300218e+00 6.410806954283928327e+00
9.430526315789474978e+00 6.198833647655349388e+00
9.430884658454647962e+00 6.409775480802546888e+00
9.431243001119820946e+00 6.638301272165368694e+00
9.431601343784995706e+00 6.542581828425416468e+00
9.431959686450168689e+00 6.546978299228864095e+00
9.432318029115341673e+00 6.547902830936171981e+00
9.432676371780516433e+00 6.105535512372372686e+00
9.433034714445689417e+00 6.393460086992972968e+00
9.433393057110862401e+00 6.711434716170588288e+00
9.433751399776037161e+00 5.931467545652266971e+00
9.434109742441210145e+00 6.688378020203275653e+00
9.434468085106383128e+00 6.140932808637373341e+00
9.434826427771557888e+00 6.845757996699567194e+00
9.435184770436730872e+00 6.527255875520465267e+00
9.435543113101903856e+00 6.715885017926940925e+00
9.435901455767078616e+00 6.457447834504955964e+00
9.436259798432251600e+00 6.434874604246331842e+00
9.436618141097424584e+00 6.473536260661734154e+00
9.436976483762599344e+00 6.764779727386784458e+00
9.437334826427772327e+00 6.279139541758877563e+00
9.437693169092945311e+00 6.480110822554618899e+00
9.438051511758120071e+00 6.572470409595378982e+00
9.438409854423293055e+00 6.314361212012391533e+00
9.438768197088466039e+00 6.286458251135440989e+00
9.439126539753640799e+00 5.853469280165250588e+00
9.439484882418813783e+00 6.646408210076901746e+00
9.439843225083986766e+00 6.741090988866427658e+00
9.440201567749159750e+00 6.282360426733595737e+00
9.440559910414334510e+00 5.872615248877453453e+00
9.440918253079507494e+00 6.290535800561068314e+00
9.441276595744680478e+00 6.010639915230369112e+00
9.441634938409855238e+00 6.002669976826677356e+00
9.441993281075028221e+00 6.199691480976396107e+00
9.442351623740201205e+00 6.582745839836373847e+00
9.442709966405375965e+00 6.010630368889679609e+00
9.443068309070548949e+00 5.932993816356727734e+00
9.443426651735721933e+00 6.617462907541916906e+00
9.443784994400896693e+00 6.418884256937909427e+00
9.444143337066069677e+00 6.021513298389692181e+00
9.444501679731242660e+00 6.454473311355325649e+00
9.444860022396417421e+00 6.236419395693869383e+00
9.445218365061590404e+00 6.082665202040481667e+00
9.445576707726763388e+00 6.128084977946701706e+00
9.445935050391938148e+00 6.250904873117181459e+00
9.446293393057111132e+00 6.302967629218679591e+00
9.446651735722284116e+00 6.183612120731940109e+00
9.447010078387458876e+00 6.540943736021563204e+00
9.447368421052631859e+00 6.417635485601002721e+00
9.447726763717804843e+00 6.246365274719716254e+00
9.448085106382979603e+00 6.221345470194919791e+00
9.448443449048152587e+00 5.774168209941042740e+00
9.448801791713325571e+00 6.145630595325562773e+00
9.449160134378500331e+00 6.150852919376061934e+00
9.449518477043673315e+00 6.297895890548419473e+00
9.449876819708846298e+00 6.476329815091594000e+00
9.450235162374021058e+00 6.678257576734027978e+00
9.450593505039194042e+00 5.847291268691646948e+00
9.450951847704367026e+00 6.282588351503978430e+00
9.451310190369541786e+00 6.299416362908520028e+00
9.451668533034714770e+00 6.091379841343098178e+00
9.452026875699887754e+00 6.825160486542842797e+00
9.452385218365062514e+00 6.139190340745080299e+00
9.452743561030235497e+00 6.649825150997772383e+00
9.453101903695408481e+00 6.083085217985985338e+00
9.453460246360583241e+00 6.131892578201028066e+00
9.453818589025756225e+00 6.788450411586244293e+00
9.454176931690929209e+00 5.613128723079504390e+00
9.454535274356103969e+00 6.217181437234660990e+00
9.454893617021276953e+00 5.866755488818552244e+00
9.455251959686449936e+00 6.213794596393700687e+00
9.455610302351624696e+00 6.282733380709100146e+00
9.455968645016797680e+00 6.728200031170633366e+00
9.456326987681970664e+00 6.247333335858639813e+00
9.456685330347145424e+00 6.371771343931547094e+00
9.457043673012318408e+00 6.046317147348956311e+00
9.457402015677491391e+00 6.005731942196940842e+00
9.457760358342666152e+00 5.869943761913384961e+00
9.458118701007839135e+00 6.458093192121135750e+00
9.458477043673012119e+00 6.180114406798008275e+00
9.458835386338186879e+00 6.148573819964724407e+00
9.459193729003359863e+00 5.980084883513520744e+00
9.459552071668532847e+00 6.674495179561438896e+00
9.459910414333707607e+00 6.240138235007062661e+00
9.460268756998880590e+00 6.077224335778789843e+00
9.460627099664053574e+00 6.113409775491840392e+00
9.460985442329228334e+00 6.139179928960443178e+00
9.461343784994401318e+00 6.155728897908365305e+00
9.461702127659574302e+00 6.705617862606192858e+00
9.462060470324749062e+00 6.389563555102147241e+00
9.462418812989922046e+00 5.950603999258731847e+00
9.462777155655095029e+00 6.474652100035184432e+00
9.463135498320269789e+00 6.095929990030120038e+00
9.463493840985442773e+00 5.831592632098300477e+00
9.463852183650615757e+00 6.392588765873456147e+00
9.464210526315790517e+00 5.741525292116145707e+00
9.464568868980963501e+00 6.431629508207212353e+00
9.464927211646136485e+00 6.449208347754111337e+00
9.465285554311311245e+00 5.815904817964345774e+00
9.465643896976484228e+00 6.337828702925984992e+00
9.466002239641657212e+00 6.342352073289964309e+00
9.466360582306831972e+00 6.462563441625744254e+00
9.466718924972004956e+00 6.684336084862295913e+00
9.467077267637177940e+00 6.054058967999115914e+00
9.467435610302352700e+00 6.571780096893245826e+00
9.467793952967525684e+00 6.711138088603893159e+00
9.468152295632698667e+00 6.758643154951878174e+00
9.468510638297873427e+00 6.109677254898597809e+00
9.468868980963046411e+00 6.577867330571473659e+00
9.469227323628219395e+00 6.755043860229406505e+00
9.469585666293394155e+00 6.235445810451315296e+00
9.469944008958567139e+00 6.129169109811313021e+00
9.470302351623740122e+00 6.231755966506835165e+00
9.470660694288914883e+00 6.387607179041162375e+00
9.471019036954087866e+00 5.788434262144989795e+00
9.471377379619260850e+00 6.031315839481988128e+00
9.471735722284435610e+00 6.334949832681870063e+00
9.472094064949608594e+00 6.333142661522972006e+00
9.472452407614781578e+00 6.045867652714989937e+00
9.472810750279956338e+00 6.432437214520194679e+00
9.473169092945129321e+00 5.942047327994773198e+00
9.473527435610302305e+00 6.386526227648825049e+00
9.473885778275477065e+00 6.351907387868826582e+00
9.474244120940650049e+00 6.447241589063372302e+00
9.474602463605823033e+00 5.676321803836084534e+00
9.474960806270997793e+00 5.879393359304906141e+00
9.475319148936170777e+00 6.195917872056090125e+00
9.475677491601343760e+00 6.881500324486278686e+00
9.476035834266518521e+00 6.189339887341344770e+00
9.476394176931691504e+00 5.980581622634560723e+00
9.476752519596864488e+00 6.566835251145504593e+00
9.477110862262039248e+00 6.054061695839140889e+00
9.477469204927212232e+00 6.176417445277236240e+00
9.477827547592385216e+00 6.211743190832744510e+00
9.478185890257559976e+00 6.136382100424298436e+00
9.478544232922732959e+00 5.874487462013348704e+00
9.478902575587905943e+00 6.090456270322355259e+00
9.479260918253080703e+00 5.987309806525870748e+00
9.479619260918253687e+00 6.111634807656201041e+00
9.479977603583426671e+00 6.300988056752053978e+00
9.480335946248601431e+00 6.116465571511062294e+00
9.480694288913774415e+00 6.414894541370659731e+00
9.481052631578947398e+00 6.057393770622758744e+00
9.481410974244120382e+00 6.256887476173393914e+00
9.481769316909295142e+00 5.438844631808431807e+00
9.482127659574468126e+00 6.531375321952813451e+00
9.482486002239641110e+00 5.631894159874881289e+00
9.482844344904815870e+00 6.389187144884098224e+00
9.483202687569988854e+00 5.836426289860164651e+00
9.483561030235161837e+00 6.342541819166978456e+00
9.483919372900336597e+00 5.713001995577756453e+00
9.484277715565509581e+00 6.384525111203196879e+00
9.484636058230682565e+00 6.255125325741342834e+00
9.484994400895857325e+00 5.994936265874688530e+00
9.485352743561030309e+00 6.477302522146546337e+00
9.485711086226203292e+00 5.746916739150905507e+00
9.486069428891378053e+00 6.225365745554276131e+00
9.486427771556551036e+00 6.067105716602527288e+00
9.486786114221724020e+00 6.293035340040905368e+00
9.487144456886898780e+00 6.250696530935114126e+00
9.487502799552071764e+00 5.601304714920614991e+00
9.487861142217244748e+00 6.120053469385259071e+00
9.488219484882419508e+00 6.259738432756298820e+00
9.488577827547592491e+00 6.538950699995797144e+00
9.488936170212765475e+00 6.031186803046616696e+00
9.489294512877940235e+00 6.091657918523402770e+00
9.489652855543113219e+00 6.277056645047804473e+00
9.490011198208286203e+00 6.174128055022070072e+00
9.490369540873460963e+00 6.085960602394357544e+00
9.490727883538633947e+00 5.909248092843965239e+00
9.491086226203806930e+00 6.241102638257158830e+00
9.491444568868981690e+00 6.415588052405979624e+00
9.491802911534154674e+00 5.987847857765358661e+00
9.492161254199327658e+00 6.347832285410157205e+00
9.492519596864502418e+00 6.498389283542098660e+00
9.492877939529675402e+00 6.171286385357686477e+00
9.493236282194848386e+00 6.477875665572730313e+00
9.493594624860023146e+00 6.505849005537738705e+00
9.493952967525196129e+00 5.924041307750419705e+00
9.494311310190369113e+00 6.062032352683802472e+00
9.494669652855543873e+00 6.424083249546214347e+00
9.495027995520716857e+00 6.163045941514666559e+00
9.495386338185889841e+00 5.773016198868109683e+00
9.495744680851064601e+00 6.266836880481177374e+00
9.496103023516237585e+00 6.236863341250638904e+00
9.496461366181410568e+00 5.895511490296629020e+00
9.496819708846585328e+00 6.109336843032934006e+00
9.497178051511758312e+00 6.104121682535770255e+00
9.497536394176931296e+00 6.448020801851050088e+00
9.497894736842106056e+00 6.241658774849869751e+00
9.498253079507279040e+00 6.314005277538474736e+00
9.498611422172452023e+00 5.944452087616648228e+00
9.498969764837626784e+00 6.823122402705549483e+00
9.499328107502799767e+00 5.795972260652317409e+00
9.499686450167972751e+00 5.790621192349448165e+00
9.500044792833147511e+00 6.031996048456681692e+00
9.500403135498320495e+00 6.207322339893350360e+00
9.500761478163493479e+00 5.835959115990647206e+00
9.501119820828668239e+00 6.104179035799174535e+00
9.501478163493841222e+00 6.308341159882460580e+00
9.501836506159014206e+00 6.027764373476094839e+00
9.502194848824188966e+00 6.096609558140815288e+00
9.502553191489361950e+00 6.151481376652357724e+00
9.502911534154534934e+00 6.212518579914762640e+00
9.503269876819709694e+00 5.739798389602992046e+00
9.503628219484882678e+00 5.681671931537323417e+00
9.503986562150055661e+00 6.076405459794541386e+00
9.504344904815230421e+00 6.131033043606414878e+00
9.504703247480403405e+00 6.423704140534513662e+00
9.505061590145576389e+00 6.341127120907159131e+00
9.505419932810751149e+00 5.839491442299527435e+00
9.505778275475924133e+00 5.783680104550310119e+00
9.506136618141097117e+00 6.000915177576708892e+00
9.506494960806271877e+00 5.781739663887685232e+00
9.506853303471444860e+00 6.369295061866936614e+00
9.507211646136617844e+00 5.846716526917279388e+00
9.507569988801792604e+00 6.219141449822644496e+00
9.507928331466965588e+00 5.953377281549309785e+00
9.508286674132138572e+00 6.179534028983172611e+00
9.508645016797313332e+00 6.292674296756125329e+00
9.509003359462486316e+00 6.104006201624238237e+00
9.509361702127659299e+00 6.914839313041513336e+00
9.509720044792834059e+00 6.393104281655493715e+00
9.510078387458007043e+00 5.789762073000018994e+00
9.510436730123180027e+00 6.023243683931412740e+00
9.510795072788354787e+00 6.035552370249284593e+00
9.511153415453527771e+00 6.220860045356707779e+00
9.511511758118700754e+00 5.757664805256111684e+00
9.511870100783875515e+00 6.078139889786605465e+00
9.512228443449048498e+00 6.255568370212358786e+00
9.512586786114221482e+00 6.054726545641769597e+00
9.512945128779396242e+00 6.053813548145566159e+00
9.513303471444569226e+00 6.919314103286175133e+00
9.513661814109742210e+00 5.877811058289220014e+00
9.514020156774916970e+00 6.243657130326722537e+00
9.514378499440089954e+00 5.982679248589715115e+00
9.514736842105262937e+00 6.100757703470860882e+00
9.515095184770437697e+00 6.014854765128855973e+00
9.515453527435610681e+00 5.526697604131945774e+00
9.515811870100783665e+00 5.497806267926330648e+00
9.516170212765958425e+00 5.719235787995319065e+00
9.516528555431131409e+00 5.857770889103925072e+00
9.516886898096304392e+00 6.105009028535699045e+00
9.517245240761479153e+00 5.771550906127640879e+00
9.517603583426652136e+00 5.925711865102782916e+00
9.517961926091825120e+00 5.538881930822853406e+00
9.518320268756999880e+00 5.817345058595247309e+00
9.518678611422172864e+00 6.161935488530615679e+00
9.519036954087345848e+00 5.833242907690900481e+00
9.519395296752520608e+00 5.748614646243058957e+00
9.519753639417693591e+00 6.001513414506012722e+00
9.520111982082866575e+00 6.124633373274352977e+00
9.520470324748039559e+00 6.077008813937370135e+00
9.520828667413214319e+00 6.146930423907973839e+00
9.521187010078387303e+00 5.900256884138804558e+00
9.521545352743560287e+00 6.138140968871011793e+00
9.521903695408735047e+00 6.113284978612099074e+00
9.522262038073908030e+00 5.565523255688204607e+00
9.522620380739081014e+00 5.551487183600280595e+00
9.522978723404255774e+00 5.736256686925509385e+00
9.523337066069428758e+00 5.823098162391979749e+00
9.523695408734601742e+00 5.971476253444243376e+00
9.524053751399776502e+00 6.186641033314344895e+00
9.524412094064949486e+00 5.673953528938380231e+00
9.524770436730122469e+00 5.904949485180367219e+00
9.525128779395297229e+00 5.851610045077153544e+00
9.525487122060470213e+00 5.766972946785847931e+00
9.525845464725643197e+00 5.738240753361649737e+00
9.526203807390817957e+00 6.391494126272810661e+00
9.526562150055990941e+00 6.176571303001668234e+00
9.526920492721163924e+00 6.490566128684621461e+00
9.527278835386338685e+00 6.915710853232639899e+00
9.527637178051511668e+00 5.927868788392147259e+00
9.527995520716684652e+00 6.385315657692620661e+00
9.528353863381859412e+00 6.439979727872038318e+00
9.528712206047032396e+00 7.668513267937105304e+00
9.529070548712205380e+00 1.031076144878081280e+01
9.529428891377380140e+00 1.771690339753060783e+01
9.529787234042553123e+00 3.714635557894370521e+01
9.530145576707726107e+00 7.044136870564049957e+01
9.530503919372900867e+00 9.906291904616415422e+01
9.530862262038073851e+00 1.025648990976804953e+02
9.531220604703246835e+00 8.733546424071961667e+01
9.531578947368421595e+00 6.530470522178643478e+01
9.531937290033594579e+00 4.214101114858077324e+01
9.532295632698767562e+00 2.591770755671299042e+01
9.532653975363942322e+00 1.736829770285405061e+01
9.533012318029115306e+00 1.286478033348999794e+01
9.533370660694288290e+00 1.071429323184600513e+01
9.533729003359463050e+00 7.835011620039247227e+00
9.534087346024636034e+00 7.568887022780518059e+00
9.534445688689809018e+00 7.371699114437904043e+00
9.534804031354983778e+00 6.847050848941772294e+00
9.535162374020156761e+00 6.510797686625945602e+00
9.535520716685329745e+00 5.846132101582067087e+00
9.535879059350504505e+00 5.740035807831749715e+00
9.536237402015677489e+00 6.521989558604168735e+00
9.536595744680850473e+00 5.709879701044155986e+00
9.536954087346025233e+00 6.009859392080232787e+00
9.537312430011198217e+00 5.888502996603032891e+00
9.537670772676371200e+00 6.327251954276347234e+00
9.538029115341545960e+00 5.968029790653619493e+00
9.538387458006718944e+00 5.913527619759573639e+00
9.538745800671891928e+00 6.266571612988339091e+00
9.539104143337066688e+00 6.364700916120154872e+00
9.539462486002239672e+00 5.664942806427478494e+00
9.539820828667412655e+00 6.128587764633768309e+00
9.540179171332587416e+00 5.802393604012435979e+00
9.540537513997760399e+00 6.091390522393724360e+00
9.540895856662933383e+00 5.944867206891792044e+00
9.541254199328108143e+00 5.747864360511291792e+00
9.541612541993281127e+00 5.545887205684081778e+00
9.541970884658454111e+00 5.957350768366233673e+00
9.542329227323628871e+00 5.849039005983905248e+00
9.542687569988801854e+00 6.247977375291622337e+00
9.543045912653974838e+00 6.368513096376840821e+00
9.543404255319149598e+00 5.351061099502087970e+00
9.543762597984322582e+00 5.843253350781260735e+00
9.544120940649495566e+00 5.180988113111285820e+00
9.544479283314670326e+00 5.881007108343022871e+00
9.544837625979843310e+00 5.814939878820353236e+00
9.545195968645016293e+00 6.353970434473117379e+00
9.545554311310191054e+00 5.582588043306124348e+00
9.545912653975364037e+00 6.405573526765658166e+00
9.546270996640537021e+00 5.689592082108648086e+00
9.546629339305711781e+00 5.608087921444280255e+00
9.546987681970884765e+00 6.319455103526462558e+00
9.547346024636057749e+00 6.513183795971499102e+00
9.547704367301232509e+00 6.461536937403194791e+00
9.548062709966405492e+00 5.945445391888911857e+00
9.548421052631578476e+00 6.039028373138864758e+00
9.548779395296753236e+00 6.360928799298721792e+00
9.549137737961926220e+00 5.705714693526248382e+00
9.549496080627099204e+00 6.370896903576689141e+00
9.549854423292273964e+00 5.638691801228703504e+00
9.550212765957446948e+00 5.799678753759735628e+00
9.550571108622619931e+00 5.850609360500010681e+00
9.550929451287794691e+00 5.993597339391776302e+00
9.551287793952967675e+00 5.887773184104607260e+00
9.551646136618140659e+00 5.833584546702642371e+00
9.552004479283315419e+00 5.643203223084058529e+00
9.552362821948488403e+00 5.674301595334688031e+00
9.552721164613661387e+00 5.932669599876699174e+00
9.553079507278836147e+00 5.508551648895266162e+00
9.553437849944009130e+00 5.801838591948597745e+00
9.553796192609182114e+00 5.775123395428352957e+00
9.554154535274356874e+00 5.560152058264831609e+00
9.554512877939529858e+00 5.943727206261360863e+00
9.554871220604702842e+00 6.327844111631837798e+00
9.555229563269877602e+00 6.506537456796552377e+00
9.555587905935050586e+00 5.976646258305369663e+00
9.555946248600223569e+00 6.125553840179239096e+00
9.556304591265398329e+00 5.812127452166979680e+00
9.556662933930571313e+00 6.315604136774682686e+00
9.557021276595744297e+00 6.088836745485516566e+00
9.557379619260919057e+00 5.987158671454456460e+00
9.557737961926092041e+00 5.317839229090672859e+00
9.558096304591265024e+00 5.566805078626655856e+00
9.558454647256439785e+00 5.797273743530794832e+00
9.558812989921612768e+00 6.121438143860427061e+00
9.559171332586785752e+00 5.680457905796449047e+00
9.559529675251958736e+00 5.791426531877334583e+00
9.559888017917133496e+00 5.328225839831737254e+00
9.560246360582306480e+00 6.058242187214195162e+00
9.560604703247481240e+00 6.009218551580243428e+00
9.560963045912654223e+00 5.835043933063434274e+00
9.561321388577827207e+00 5.498516229741565731e+00
9.561679731243000191e+00 5.627532523717986734e+00
9.562038073908174951e+00 5.835311332127881556e+00
9.562396416573347935e+00 6.041695631727135307e+00
9.562754759238520919e+00 5.714198632764459163e+00
9.563113101903695679e+00 5.713114954005232171e+00
9.563471444568868662e+00 5.853931427213171723e+00
9.563829787234041646e+00 6.051483239431039607e+00
9.564188129899216406e+00 5.683513393605577946e+00
9.564546472564389390e+00 5.669335334462548559e+00
9.564904815229562374e+00 5.872895934480813374e+00
9.565263157894737134e+00 5.789289966285267042e+00
9.565621500559910118e+00 5.653314781771684672e+00
9.565979843225083101e+00 5.618687651961293383e+00
9.566338185890257861e+00 5.754524900424356382e+00
9.566696528555430845e+00 6.096790086966946021e+00
9.567054871220603829e+00 6.014636723251274297e+00
9.567413213885778589e+00 6.829440504576419713e+00
9.567771556550951573e+00 6.790397407367189331e+00
9.568129899216124556e+00 6.829934247120570845e+00
9.568488241881299317e+00 5.917831886435295452e+00
9.568846584546472300e+00 6.074172942177638923e+00
9.569204927211645284e+00 6.159848704033917599e+00
9.569563269876820044e+00 5.635239718032646117e+00
9.569921612541993028e+00 5.826502854201100590e+00
9.570279955207166012e+00 5.558646766802659123e+00
9.570638297872340772e+00 5.293935600852130996e+00
9.570996640537513755e+00 5.580310627528048073e+00
9.571354983202686739e+00 6.176705436280089501e+00
9.571713325867861499e+00 5.834908928506926884e+00
9.572071668533034483e+00 6.147461071230095442e+00
9.572430011198207467e+00 5.867410472945097766e+00
9.572788353863382227e+00 5.815980223152225292e+00
9.573146696528555211e+00 6.112804008775278852e+00
9.573505039193728194e+00 5.945789390680490172e+00
9.573863381858902954e+00 6.191739690834144660e+00
9.574221724524075938e+00 5.575048128406151271e+00
9.574580067189248922e+00 6.152243554474535081e+00
9.574938409854423682e+00 5.603285144453985289e+00
9.575296752519596666e+00 5.697035237205248848e+00
9.575655095184769650e+00 5.895737834434678248e+00
9.576013437849944410e+00 5.698785045160948748e+00
9.576371780515117393e+00 5.848577928459651076e+00
9.576730123180290377e+00 5.947050398858329423e+00
9.577088465845465137e+00 5.894829727231924110e+00
9.577446808510638121e+00 6.568619830599027765e+00
9.577805151175811105e+00 5.701550976036997120e+00
9.578163493840985865e+00 5.780685715254664458e+00
9.578521836506158849e+00 5.751169200540445559e+00
9.578880179171331832e+00 5.420001893500460355e+00
9.579238521836506592e+00 5.573682511473229795e+00
9.579596864501679576e+00 5.479984578477048451e+00
9.579955207166852560e+00 5.739406237274477185e+00
9.580313549832027320e+00 5.991675160681166012e+00
9.580671892497200304e+00 6.168873606866155157e+00
9.581030235162373287e+00 5.860961841715055520e+00
9.581388577827548048e+00 5.809519143107909400e+00
9.581746920492721031e+00 6.090696107204773391e+00
9.582105263157894015e+00 6.081441195703405356e+00
9.582463605823068775e+00 6.061085914235229133e+00
9.582821948488241759e+00 5.773283844972733725e+00
9.583180291153414743e+00 5.525594062132123341e+00
9.583538633818589503e+00 5.840730160934701765e+00
9.583896976483762487e+00 6.032215115538881456e+00
9.584255319148935470e+00 5.805331910272252038e+00
9.584613661814110230e+00 6.193861876169611591e+00
9.584972004479283214e+00 6.067718636491460593e+00
9.585330347144456198e+00 5.446918440972053688e+00
9.585688689809630958e+00 6.058280319436432748e+00
9.586047032474803942e+00 6.251679012157818072e+00
9.586405375139976925e+00 5.627571553385861236e+00
9.586763717805151686e+00 6.397421948880297471e+00
9.587122060470324669e+00 6.241315972539107193e+00
9.587480403135497653e+00 5.825079191274873835e+00
9.587838745800672413e+00 6.035529371539618992e+00
9.588197088465845397e+00 5.319523992427860115e+00
9.588555431131018381e+00 6.053062339054417151e+00
9.588913773796193141e+00 5.876653530003547843e+00
9.589272116461366124e+00 6.274816484626916768e+00
9.589630459126539108e+00 5.371420102163794397e+00
9.589988801791713868e+00 5.912879849922172859e+00
9.590347144456886852e+00 5.355161815732257580e+00
9.590705487122059836e+00 5.816631884998170854e+00
9.591063829787234596e+00 5.836759166606918292e+00
9.591422172452407580e+00 6.069949226798838637e+00
9.591780515117580563e+00 5.617212613191489012e+00
9.592138857782755323e+00 6.205423744597089453e+00
9.592497200447928307e+00 5.662563346644971851e+00
9.592855543113101291e+00 5.721248003984518604e+00
9.593213885778276051e+00 5.805425331345504425e+00
9.593572228443449035e+00 5.943750390498827585e+00
9.593930571108622019e+00 6.018263846144421336e+00
9.594288913773796779e+00 5.735242103019910331e+00
9.594647256438969762e+00 5.751526930809072624e+00
9.595005599104142746e+00 6.016533789226677698e+00
9.595363941769317506e+00 5.374908113495354911e+00
9.595722284434490490e+00 5.932717798108967600e+00
9.596080627099663474e+00 5.174954405225936860e+00
9.596438969764838234e+00 5.534194266602082024e+00
9.596797312430011218e+00 5.714292255579624502e+00
9.597155655095184201e+00 5.506193950851034913e+00
9.597513997760358961e+00 5.696542934962593563e+00
9.597872340425531945e+00 5.840548544581428914e+00
9.598230683090704929e+00 5.683454623294750263e+00
9.598589025755879689e+00 6.015666000153202297e+00
9.598947368421052673e+00 5.411671006476391099e+00
9.599305711086225656e+00 5.588150218450732787e+00
9.599664053751400417e+00 5.743926660462640221e+00
9.600022396416573400e+00 5.550176866087096705e+00
9.600380739081746384e+00 5.989663767274215012e+00
9.600739081746919368e+00 6.008756886924190077e+00
9.601097424412094128e+00 5.505652962662336947e+00
9.601455767077267112e+00 5.596508390713774261e+00
9.601814109742440095e+00 5.946516364811593292e+00
9.602172452407614855e+00 5.836175429669435033e+00
9.602530795072787839e+00 5.700384188915855077e+00
9.602889137737960823e+00 6.152320878890609634e+00
9.603247480403135583e+00 5.926557297647050859e+00
9.603605823068308567e+00 5.487236263351428889e+00
9.603964165733481551e+00 5.652898581866081074e+00
9.604322508398656311e+00 6.094639798831192223e+00
9.604680851063829294e+00 5.830668100021778599e+00
9.605039193729002278e+00 6.037625797966393648e+00
9.605397536394177038e+00 5.779289507205566778e+00
9.605755879059350022e+00 5.764717467484334890e+00
9.606114221724523006e+00 5.548568865233827196e+00
9.606472564389697766e+00 5.993938368409847506e+00
9.606830907054870750e+00 5.710769344922434598e+00
9.607189249720043733e+00 5.213157636515506788e+00
9.607547592385218493e+00 5.328236096662744892e+00
9.607905935050391477e+00 5.776199269488596855e+00
9.608264277715564461e+00 5.824421587625617569e+00
9.608622620380739221e+00 6.039262953915346621e+00
9.608980963045912205e+00 6.526387141814387505e+00
9.609339305711085188e+00 5.772228388872790106e+00
9.609697648376259949e+00 5.763077093392056760e+00
9.610055991041432932e+00 5.419140664342549485e+00
9.610414333706605916e+00 5.805130063364733140e+00
9.610772676371780676e+00 5.593632981875580334e+00
9.611131019036953660e+00 5.372690869519305856e+00
9.611489361702126644e+00 5.612768411931875256e+00
9.611847704367301404e+00 6.278604931337007145e+00
9.612206047032474387e+00 5.628829555277722996e+00
9.612564389697647371e+00 5.962394756060231948e+00
9.612922732362822131e+00 5.740463766758233888e+00
9.613281075027995115e+00 5.811783205008665298e+00
9.613639417693168099e+00 5.679597577623611393e+00
9.613997760358342859e+00 5.413217947721288503e+00
9.614356103023515843e+00 5.750964853879857230e+00
9.614714445688688826e+00 6.171626975268170945e+00
9.615072788353863587e+00 5.342075682420294847e+00
9.615431131019036570e+00 5.702959965257243802e+00
9.615789473684209554e+00 6.031017731930689685e+00
9.616147816349384314e+00 5.874145973252160147e+00
9.616506159014557298e+00 5.631993713812238234e+00
9.616864501679730282e+00 5.607456649076369537e+00
9.617222844344905042e+00 5.980142662337142312e+00
9.617581187010078025e+00 5.889956452441602153e+00
9.617939529675251009e+00 5.610350464952014171e+00
9.618297872340425769e+00 6.112540377140768477e+00
9.618656215005598753e+00 5.835824800734382478e+00
9.619014557670771737e+00 5.629926219855704517e+00
9.619372900335946497e+00 5.571996370615057259e+00
9.619731243001119481e+00 5.794148205975352184e+00
9.620089585666292464e+00 5.442831281645608144e+00
9.620447928331467224e+00 5.368746985263106453e+00
9.620806270996640208e+00 6.112670229871009830e+00
9.621164613661813192e+00 5.885671793463030710e+00
9.621522956326987952e+00 5.288188146856750649e+00
9.621881298992160936e+00 5.995398235314766566e+00
9.622239641657333920e+00 5.992730922566240181e+00
9.622597984322508680e+00 5.670388037099312051e+00
9.622956326987681663e+00 5.718592104892207040e+00
9.623314669652854647e+00 5.268657100504634094e+00
9.623673012318029407e+00 6.167441129697752267e+00
9.624031354983202391e+00 5.747416337854175161e+00
9.624389697648375375e+00 5.549623333486217724e+00
9.624748040313550135e+00 6.075086442840685663e+00
9.625106382978723119e+00 5.899501380382718096e+00
9.625464725643896102e+00 5.622320385749404181e+00
9.625823068309070862e+00 5.307674936161714818e+00
9.626181410974243846e+00 5.789744326836188115e+00
9.626539753639416830e+00 5.480954302414565049e+00
9.626898096304591590e+00 5.970392160420852079e+00
9.627256438969764574e+00 5.719070836596273466e+00
9.627614781634937557e+00 5.677822191795383944e+00
9.627973124300112318e+00 5.878074818878432417e+00
9.628331466965285301e+00 5.497676345580287283e+00
9.628689809630458285e+00 5.723290203082517458e+00
9.629048152295633045e+00 5.794437256832697614e+00
9.629406494960806029e+00 6.199391385406726407e+00
9.629764837625979013e+00 5.641954868379820631e+00
9.630123180291153773e+00 5.920874461463533578e+00
9.630481522956326756e+00 5.578919704003611812e+00
9.630839865621499740e+00 5.801138674676721507e+00
9.631198208286674500e+00 5.702812852875778660e+00
9.631556550951847484e+00 5.962281898086102316e+00
9.631914893617020468e+00 5.950425899425782816e+00
9.632273236282195228e+00 5.416548853923206508e+00
9.632631578947368212e+00 5.680837653354232408e+00
9.632989921612541195e+00 5.485896000688519791e+00
9.633348264277715955e+00 5.685811479586614148e+00
9.633706606942888939e+00 5.861186382369607095e+00
9.634064949608061923e+00 5.582469931764346249e+00
9.634423292273236683e+00 5.226815413485084605e+00
9.634781634938409667e+00 5.896422307960044407e+00
9.635139977603582651e+00 5.687853417525477795e+00
9.635498320268757411e+00 5.682351946354276429e+00
9.635856662933930394e+00 5.420000740901999237e+00
9.636215005599103378e+00 5.676659975399505953e+00
9.636573348264278138e+00 5.572168979998775029e+00
9.636931690929451122e+00 6.010512608850177685e+00
9.637290033594624106e+00 5.001318509548092983e+00
9.637648376259798866e+00 5.387921751098208034e+00
9.638006718924971850e+00 5.452119772230812345e+00
9.638365061590144833e+00 5.471934791965620271e+00
9.638723404255319593e+00 6.075633084324744360e+00
9.639081746920492577e+00 5.612736532698837877e+00
9.639440089585665561e+00 5.301172691226076594e+00
9.639798432250838545e+00 5.634708621557023456e+00
9.640156774916013305e+00 5.912819007998966647e+00
9.640515117581186288e+00 5.765287629047344709e+00
9.640873460246361049e+00 5.677954342484381911e+00
9.641231802911534032e+00 5.640103772743426447e+00
9.641590145576707016e+00 5.941009928441718380e+00
9.641948488241880000e+00 5.658158751345387039e+00
9.642306830907054760e+00 5.651299085636283692e+00
9.642665173572227744e+00 5.962727122362523779e+00
9.643023516237400727e+00 5.410183988934624821e+00
9.643381858902575487e+00 5.465158415312665774e+00
9.643740201567748471e+00 5.831228486588446280e+00
9.644098544232921455e+00 5.522037547359383680e+00
9.644456886898096215e+00 6.009599124813799875e+00
9.644815229563269199e+00 5.234152815936240266e+00
9.645173572228442183e+00 5.570466064388496896e+00
9.645531914893616943e+00 5.568313611574071231e+00
9.645890257558789926e+00 5.911206563980166528e+00
9.646248600223962910e+00 5.409287146909657729e+00
9.646606942889137670e+00 5.990220293811510999e+00
9.646965285554310654e+00 5.268462016046973950e+00
9.647323628219483638e+00 6.061716859285128045e+00
9.647681970884658398e+00 5.607178977267542663e+00
9.648040313549831382e+00 5.709482570202116136e+00
9.648398656215004365e+00 5.707458722953635544e+00
9.648756998880179125e+00 6.233724265281537669e+00
9.649115341545352109e+00 5.824069314352919413e+00
9.649473684210525093e+00 5.128116727620829707e+00
9.649832026875699853e+00 5.737833371330859578e+00
9.650190369540872837e+00 5.186745864032345388e+00
9.650548712206045820e+00 5.504161096151917398e+00
9.650907054871220581e+00 5.277337758400262757e+00
9.651265397536393564e+00 5.599758571531343598e+00
9.651623740201566548e+00 5.955883758648476523e+00
9.651982082866741308e+00 5.321420539209957390e+00
9.652340425531914292e+00 5.635796725670187080e+00
9.652698768197087276e+00 5.375543930964562733e+00
9.653057110862262036e+00 5.646367105340766912e+00
9.653415453527435020e+00 5.936307418828135951e+00
9.653773796192608003e+00 5.530350590119169851e+00
9.654132138857782763e+00 5.868610143264153756e+00
9.654490481522955747e+00 5.804490130047313734e+00
9.654848824188128731e+00 5.819113469885857981e+00
9.655207166853303491e+00 5.583456012384377054e+00
9.655565509518476475e+00 5.851529988264733362e+00
9.655923852183649458e+00 5.275705605580215618e+00
9.656282194848824219e+00 5.364048668140272369e+00
9.656640537513997202e+00 5.937001586380996621e+00
9.656998880179170186e+00 5.470520254179374042e+00
9.657357222844344946e+00 5.990379478559130888e+00
9.657715565509517930e+00 5.326493969478746315e+00
9.658073908174690914e+00 5.552853282037294669e+00
9.658432250839865674e+00 5.982527690259455078e+00
9.658790593505038657e+00 5.501627935897707822e+00
9.659148936170211641e+00 5.576873557425515493e+00
9.659507278835386401e+00 6.227615917628169129e+00
9.659865621500559385e+00 5.913260136995810434e+00
9.660223964165732369e+00 5.834068680308948984e+00
9.660582306830907129e+00 5.499120870441786657e+00
9.660940649496080113e+00 5.851509495384127568e+00
9.661298992161253096e+00 5.636296682662587543e+00
9.661657334826427856e+00 5.078668386883360419e+00
9.662015677491600840e+00 5.024256285822628953e+00
9.662374020156773824e+00 5.671244913339325677e+00
9.662732362821948584e+00 5.283429653907473877e+00
9.663090705487121568e+00 5.637223744984299678e+00
9.663449048152294552e+00 5.647864259393827524e+00
9.663807390817469312e+00 5.837827926556502511e+00
9.664165733482642295e+00 5.479927424247024170e+00
9.664524076147815279e+00 5.364856569958382337e+00
9.664882418812990039e+00 5.643720502740058542e+00
9.665240761478163023e+00 5.383828025174262955e+00
9.665599104143336007e+00 5.426307883837153234e+00
9.665957446808510767e+00 5.991714277603642280e+00
9.666315789473683751e+00 5.693719667502439741e+00
9.666674132138856734e+00 5.612789857902228619e+00
9.667032474804031494e+00 5.870233432958817943e+00
9.667390817469204478e+00 5.862729151357995327e+00
9.667749160134377462e+00 5.491101425666577107e+00
9.668107502799552222e+00 5.339768124733451415e+00
9.668465845464725206e+00 6.232150395312236135e+00
9.668824188129898189e+00 5.921655222940001906e+00
9.669182530795072950e+00 5.550799256999934705e+00
9.669540873460245933e+00 5.819230476102942973e+00
9.669899216125418917e+00 5.607762154880142624e+00
9.670257558790593677e+00 5.927348429537750540e+00
9.670615901455766661e+00 5.670641773814711684e+00
9.670974244120939645e+00 5.514349438796689817e+00
9.671332586786114405e+00 5.271707877181353474e+00
9.671690929451287388e+00 6.109460776893690159e+00
9.672049272116460372e+00 5.620074518984363721e+00
9.672407614781635132e+00 5.633708667021762651e+00
9.672765957446808116e+00 5.850467536087087694e+00
9.673124300111981100e+00 6.006367751083492301e+00
9.673482642777155860e+00 5.374672890609721421e+00
9.673840985442328844e+00 5.537253297737651181e+00
9.674199328107501827e+00 5.830460126456178394e+00
9.674557670772676587e+00 5.756364574643036747e+00
9.674916013437849571e+00 5.756096033830730541e+00
9.675274356103022555e+00 5.633085652499014273e+00
9.675632698768197315e+00 6.030096554872847570e+00
9.675991041433370299e+00 5.425550401692465385e+00
9.676349384098543283e+00 5.741032565028997503e+00
9.676707726763718043e+00 5.845070497699593304e+00
9.677066069428891026e+00 5.459593784214758827e+00
9.677424412094064010e+00 5.502520977355674248e+00
9.677782754759238770e+00 5.951280332623689162e+00
9.678141097424411754e+00 5.580105185300942239e+00
9.678499440089584738e+00 5.012307846784896270e+00
9.678857782754757721e+00 5.650901668648709020e+00
9.679216125419932482e+00 5.884279933846464417e+00
9.679574468085105465e+00 5.395523881390230869e+00
9.679932810750280225e+00 5.503053685855835653e+00
9.680291153415453209e+00 5.784662277244531303e+00
9.680649496080626193e+00 5.406518442943711200e+00
9.681007838745799177e+00 5.720938447637223589e+00
9.681366181410973937e+00 6.174937513523660826e+00
9.681724524076146920e+00 5.788229617032997432e+00
9.682082866741321681e+00 5.804055943669026441e+00
9.682441209406494664e+00 5.590516096999908591e+00
9.682799552071667648e+00 5.708981720509221702e+00
9.683157894736840632e+00 5.516300307322054230e+00
9.683516237402015392e+00 6.062101382652595127e+00
9.683874580067188376e+00 5.628950691375520066e+00
9.684232922732361359e+00 5.874101015577903873e+00
9.684591265397536120e+00 5.553584868713990375e+00
9.684949608062709103e+00 5.690996759533807570e+00
9.685307950727882087e+00 5.538042551201332486e+00
9.685666293393056847e+00 5.731268753935999882e+00
9.686024636058229831e+00 5.623714933814401462e+00
9.686382978723402815e+00 5.817725456133633344e+00
9.686741321388577575e+00 5.545605334358654659e+00
9.687099664053750558e+00 5.672293269784350223e+00
9.687458006718923542e+00 5.419171724092840314e+00
9.687816349384098302e+00 5.883214937476655138e+00
9.688174692049271286e+00 6.191762984292481065e+00
9.688533034714444270e+00 5.430431725756884376e+00
9.688891377379619030e+00 4.947689139174094031e+00
9.689249720044792014e+00 5.609695304938462357e+00
9.689608062709964997e+00 5.133765293010156050e+00
9.689966405375139757e+00 5.436204394113444138e+00
9.690324748040312741e+00 4.650286291047642351e+00
9.690683090705485725e+00 5.429856677374585772e+00
9.691041433370660485e+00 5.794359971156195499e+00
9.691399776035833469e+00 5.124660249468833584e+00
9.691758118701006453e+00 5.631727956908461508e+00
9.692116461366181213e+00 5.060618747579926691e+00
9.692474804031354196e+00 5.834925057033844453e+00
9.692833146696527180e+00 5.662079924556358890e+00
9.693191489361701940e+00 5.568824839822105410e+00
9.693549832026874924e+00 5.641385540121716780e+00
9.693908174692047908e+00 5.693805197409094632e+00
9.694266517357222668e+00 5.301337346899949843e+00
9.694624860022395652e+00 5.494597847427957760e+00
9.694983202687568635e+00 5.608931079598173497e+00
9.695341545352743395e+00 5.556743680717437961e+00
9.695699888017916379e+00 5.555320261036920115e+00
9.696058230683089363e+00 5.797822854200722631e+00
9.696416573348264123e+00 5.480026205067208167e+00
9.696774916013437107e+00 5.401736952233822109e+00
9.697133258678610090e+00 5.483679356342598510e+00
9.697491601343784851e+00 5.196855364683850453e+00
9.697849944008957834e+00 4.706539308162659196e+00
9.698208286674130818e+00 5.756672615869486975e+00
9.698566629339305578e+00 5.994652968373626045e+00
9.698924972004478562e+00 5.622350796514685278e+00
9.699283314669651546e+00 5.765631097460732768e+00
9.699641657334826306e+00 5.883559174602046582e+00
9.699999999999999289e+00 5.791597902722525504e+00
